20   2E-5   0.000
21   2E-5   0.000
22   2E-5   0.000
23   2E-5   0.000
24   2E-5   0.000
25   2E-5   0.000
26   2E-5   0.000
27   2E-5   0.000
28   2E-5   0.000
29   2E-5   0.000
30   2E-5   0.000
31   2E-5   0.000
32   2E-5   0.000
33   2E-5   0.000
34   2E-5   0.000
35   2E-5   0.022
36   2E-5   0.025
37   1E-5   0.027
38   7E-5   0.030
39   1.3E-4   0.033
40   1.9E-4   0.036
41   2.5E-4   0.039
42   3.1E-4   0.043
43   3.7E-4   0.046
44   3.7E-4   0.050
45   4.9E-4   0.054
46   5.5E-4   0.058
47   6.1E-4   0.063
48   6.7E-4   0.068
49   7.3E-4   0.072
50   7.9E-4   0.078
51   8.5E-4   0.083
52   9.1E-4   0.089
53   9.7E-4   0.094
54   1.03E-3   0.101
55   1.09E-3   0.107
56   1.1,5E-3   0.114
57   9.28E-3   0.121
58   9.33E-3   0.128
59   9.42E-3   1.05E-3
60   9.55E-3   1.11E-3
61   9.72E-3   1.17E-3
62   9.93E-3   1.23E-3
63   0.010   1.29E-3
64   0.010   1.35E-3
65   0.011   1.41E-3
66   0.011   1.47E-3
67   0.012   1.53E-3
68   0.012   1.59E-3
69   0.013   1.65E-3
70   0.013   1.71E-3
71   0.014   1.77E-3
72   0.014   1.83E-3
73   0.015   2.22E-3
74   0.016   2.56E-3
75   0.016   2.9E-3
76   0.017   3.24E-3
77   0.018   3.58E-3
78   0.019   3.92E-3
79   0.020   4.26E-3
80   0.021   4.6E-3
81   0.022   4.94E-3
82   0.023   5.28E-3
83   0.024   5.62E-3
84   0.025   5.96E-3
85   0.026   6.3E-3
86   0.027   6.64E-3
87   0.028   6.98E-3
88   0.029   7.32E-3
89   0.031   7.66E-3
90   0.032   8.00E-3
91   15.06E-3 8.16E-3
92   16.125E-3 8.325E-3
 
      
