57   2.7E-3   0.000
58   2.7E-3   0.000
59   2.7E-3   0.000   
60   2.7E-3   1.230E-3   
61   8.420E-3 2.670E-3   
62   8.310E-3 4.110E-3   
63   8.340E-3   5.550E-3
64   8.510E-3  6.990E-3
65   8.620E-3   8.430E-3
66   9.270E-3   9.870E-3
67   9.860E-3   0.011
68   0.011   0.013
69   0.011   0.014
70   0.012   0.016
71   0.014   0.017
72   0.015   0.019
73   0.016   0.020
74   0.018   0.021
75   0.020   0.023
76   0.021   0.024
77   0.023   0.026
78   0.026   0.027
79   0.028   0.029
80   0.030   0.030
81   0.033   0.031
82   0.036   0.033
83   0.038   0.034   
84   0.041   0.036   
85   0.044   0.037   
86   0.048   0.039   
87   0.051   0.040   
88   0.055   0.042   
89   0.058   0.043   
90   0.062   0.044
91   0.0449 0.0449
92   0.0468 0.0468
93   0.0488 0.0488
94   0.0508 0.0508
