     
Z = 2

He
0.0246

Z = 3

Li
0.0548

Z = 4

Be
0.1110

Z = 5

B
0.1880

Z = 6

C
0.2838

Z = 7

N
0.4016

Z = 8

O
0.5320

Z = 9

F
0.6854

Z = 10

Ne
0.8669

Z =11

Na
1.0721 0.06633

Z = 12

Mg
1.3050 0.0894

Z = 13

Al
1.5596 0.1177

Z =14

Si
1.8389 0.1487

Z = 15

P
2.1455 0.1893

Z = 16

S
2.4720 0.2292

Z = 17

Cl
2.8224 0.2702

Z = 18

Ar
3.2029 0.3200

Z = 19

K
3.6074 0.3771

Z = 20

Ca
4.0381 0.4378

Z = 21

Sc
4.4928 0.5004

Z = 22

Ti
4.9644 0.5637

Z = 23

V
5.4651 0.6282

Z = 24

Cr
5.9892 0.6946

Z = 25

Mn
6.5390 0.7690

Z = 26

Fe
7.1120 0.8461

Z = 27

Co
7.7089 0.9256

Z = 28

Ni
8.3328 1.0081 0.8719

Z = 29

Cu
8.9789 1.0966 0.9510

Z = 30

Zn
9.6586 1.1936 1.0428 1.0197 0.1359

Z = 31

Ga
10.3671 1.2977 1.1423 1.1154 0.1581

Z = 32

Ge
11.1031 1.4143 1.2478 1.2167 0.1800

Z = 33

As
11.8667 1.5265 1.3586 1.3231 0.2035

Z = 34

Se
12.6578 1.6539 1.4762 1.4358 0.2315

Z = 35

Br
13.4737 1.7820 1.5960 1.5499 0.2565

Z = 36

Kr
14.3256 1.9210 1.7272 1.6749 0.2850

Z = 37

Rb
15.1997 2.0651 1.8639 1.8044 0.3221

Z = 38

Sr
16.1046 2.2163 2.0068 1.9396 0.3575

Z = 39

Y
17.0384 2.3725 2.1555 2.0800 0.3936

Z = 40

Zr
17.9976 2.5316 2.3067 2.2223 0.4303

Z = 41

Nb
18.9856 2.6977 2.4647 2.3705 0.4684

Z = 42

Mo
19.9995 2.8655 2.6251 2.5202 0.5046

Z = 43

Tc
21.0440 3.0425 2.7932 2.6769 0.5400

Z = 44

Ru
22.1172 3.2240 2.9669 2.8379 0.5850

Z = 45

Rh
23.2199 3.4119 3.1461 3.0038 0.6271

Z = 46

Pd
24.3503 3.6043 3.3303 3.1733 0.6699

Z = 47

Ag
25.5140 3.8058 3.5237 3.3511 0.7175

Z = 48

Cd
26.7112 4.0180 3.7270 3.5375 0.7702

Z = 49

In
27.9399 4.2375 3.9380 3.7301 0.8256

Z = 50

Sn
29.2001 4.4647 4.1561 3.7288 0.8838

Z = 51

Sb
30.4912 4.6983 4.3804 4.1322 0.9437

Z = 52

Te
31.0138 4.9392 4.6120 4.3414 0.10060 0.8697

Z = 53

I
33.1694 5.1881 4.8521 4.5571 1.0721 0.9305

Z = 54

Xe
34.5614 5.4528 5.1037 4.7822 1.1400 0.9990

Z = 55

Cs 
35.9846 5.7143 5.3594 5.0119 1.2171 1.0650 0.9976

Z = 56

Ba
37.4406 5.9888 5.6236 5.2470 1.2928 1.1367 1.0622 0.7961

Z = 57

La
38.9246 6.2663 5.8906 5.4827 1.3613 1.2044 1.1234 0.8485

Z = 58

Ce
40.4430 6.5488 6.1642 5.7234 1.4346 1.2728 1.1854 0.9013

Z = 59

Pr
41.9906 6.8348 6.4404 5.9643 1.5110 1.3374 1.2422 0.9511

Z = 60

Nd
43.5689 7.1260 6.7215 6.2079 1.5753 1.4028 1.2974 0.9999

Z = 61

Pm
45.1840 7.4279 7.0128 6.4593 1.6540 1.4714 1.3569 1.0515 1.0269 0.3300

Z = 62

Sn
46.8342 7.7368 7.3118 6.7162 1.7228 1.5407 1.4198 1.1060 1.0802 0.3457

Z = 63

Eu
48.5190 8.0520 7.6171 6.9769 1.8000 1.6139 1.4806 1.1606 1.1309 0.3602

Z = 64

Gd
50.2391 8.3756 7.9303 7.2428 1.8808 1.6883 1.5440 1.2172 1.1852 0.3758

Z =65

Tb
51.9957 8.7080 8.2516 7.5140 1.9675 1.7677 1.6113 1.2750 1.2412 0.3979

Z = 66

Dy
53.7885 9.0458 8.5806 7.7901 2.0468 1.8418 1.6756 1.3325 1.2949 0.4163

Z = 67

Ho
55.6177 9.3942 8.9178 8.0711 2.1283 1.9228 1.7412 1.3915 1.3514 0.4357

Z = 68

Er
57.4855 9.7513 9.2643 8.3579 2.2065 2.0058 1.8118 1.4533 1.4093 0.4491

Z  = 69

Tm
59.3896 10.1157 9.6169 8.6480 2.3068 2.0898 1.8845 1.5146 1.4677 0.4717

Z  = 70

Yb
61.3323 10.4864 9.9782 8.9436  2.3981 2.1730 1.9498 1.5763 1.5278 0.4872

Z = 71

Lu
63.3138 10.8704 10.3486 9.2441 2.4912 2.2635 2.0234 1.6394 1.5885 0.5062 

Z = 72

Hf
65.3508 11.2707 10.7394 9.5607 2.6009 2.3654 2.1076 1.7164 1.6617 0.5381

Z = 73

Ta
67.4164 11.6815 11.1361 9.8811 2.7080 2.4687 2.1940 1.7932 1.7351 0.5655

Z = 74

W
69.5250 12.0998 11.5440 10.2068 2.8196 2.5749 2.2810 1.8716 1.8092 0.5950

Z = 75

Re
71.6764 12.5267 11.9587 10.5353 2.9317 2.6816 2.3673 1.9489 1.8829 0.6250

Z = 76

Os
73.8708 12.9680 12.3850 10.8709 3.0485 2.7922 2.4572 2.0308 1.9601 0.6543

Z = 77

Ir
76.1110 13.4185 12.8241 11.2152 3.1737 1.9087 1.5507 2.1161 2.0404 0.6901

Z = 78

Pt
78.3948 13.8799 13.2726 11.5637 3.2960 3.0265 2.6454 2.2019 2.1216 0.7220

Z = 79

Au
80.7249 14.3528 13.7336 11.9187 3.4249 3.1478 2.7430 2.2911 2.2057 0.7588

Z = 80

Hg
83.1023 14.8393 14.2087 12.2839 3.5616 3.2785 2.8471 2.3849 2.2949 0.8003

Z = 81

Tl
85.5304 15.3467 14.6979 12.6575 3.7041 3.4157 2.9566 2.4851 2.3893 0.8455

Z = 82

Pb
88.0045 15.8608 15.2000 13.0352 3.8507 3.5542 3.0644 2.5856 2.4840 0.8936

Z = 83

Bi
90.5259 16.3875 15.7111 13.4186  3.9991 3.6963 3.1769 2.6876 2.5796 0.9382

Z = 84

Po
93.1050 16.9393 16.2443 13.8138 4.1494 3.8541 3.3019 2.7980 2.6830 0.9953

Z = 85

At
95.7299 17.4930 16.7847 14.2135 4.3170 4.0080 3.4260 2.9087 2.7867 1.0420

Z = 86

Rn
98.4040 18.0490 17.3371 14.6194 4.4820 4.1590 3.5380 3.0215 2.8924 1.0970

Z = 87

Fr
101.1370 18.6390 17.9065 15.0312 4.6520 4.3270 3.6630 3.1362 2.9999 1.1530

Z = 88

Ra 
103.9219 19.2367 18.4843 15.4444 4.8220 4.4895 3.7918 3.2484 3.1049 1.2084

Z = 89

Ac
106.7553 19.8400 19.0832 15.8710 5.0020 4.6560 3.9090 3.3702 3.2190 1.2690

Z = 90

Th
109.6509 20.4721 19.6932 16.3003 5.1823 4.8304 4.0461 3.4908 3.3320 1.3295

Z = 91

Pa
112.6014 21.1046 20.2137 16.7331 5.3669 5.0009 4.1738 3.6112 3.4418 1.3871

Z = 92

U
115.6061 21.7574 20.9476 17.1663 5.5480 5.1822 4.3034 3.7276 3.5517 1.4408

Z = 93

Np
118.6780 22.4268 21.6005 17.6100 5.7232 5.3662 4.4347 3.8503 3.6658 1.5007

Z = 94

Pu
121.8180 23.0972 22.2662 18.0568 5.9329 5.5412 4.5566 3.9726 3.7781 1.5586
