        5               B       1.7E-03   0.0 0.0 0.0
        6               C       2.8E-03   0.0 0.0 0.0
        7               N       5.2E-03   0.0 0.0 0.0
        8               0       8.3E-03   0.0 0.0 0.0
        9               F       0.013      0.0 0.0 0.0
        10              Ne      0.018      0.0 0.0 0.0
        11              Na     0.023      0.0 0.0 0.0
	12		Mg     0.030	2.9E-05	1.2E-03	1.20-03
	13		Al     0.039	2.6E-05	7.5E-04	7.5E-04
	14		Si	0.050	3.0E-05	3.7E-04	3.8E-04
	15		P       0.063	3.9E-05	3.1E-04	3.1E-04
	16		S	0.078	7.4E-05	2.6E-04	2.6E-04
	17		Cl	0.097	1.2E-04	2.4E-04	2.4E-04
	18		Ar	0.118	1.8E-04	2.2E-04	2.2E-04
	19		K	0.140	2.4E-04	2.7E-04	2.7E-04
	20		Ca	0.163	3.1E-04	3.3E-04	3.3E-04
	21		Sc      0.188	3.9E-04	8.4E-04	8.4E-04
	22		Ti	0.214	4.7E-04	1.5E-03	1.5E-03
	23		V	0.243	5.8E-04	2.6E-03	2.6E-03
	24		Cr	0.275	7.1E-04	3.7E-03	3.7E-03
	25		Mn	0.308	8.4E-04	5.0E-03	5.0E-03
	26		Fe	0.340	1.0E-03	6.3E-03	6.3E-03
	27		Co	0.373	1.2E-03	7.7E-03	7.7E-03
	28		Ni	0.406	1.4E-03	8.6E-03	9.3E-03
	29              Cu	0.440	1.6E-03	0.010	0.011
	30		Zn	0.474	1.8E-03	0.011	0.012
	31		Ga	0.507	2.1E-03	0.012	0.013
	32		Ge	0.535	2.4E-03	0.013	0.015
	33		As	0.562	2.8E-03	0.014	0.016
	34              Se	0.589	3.2E-03	0.016	0.018
	35              Br	0.618	3.6E-03	0.018	0.020
	36              Kr	0.643	4.1E-03	0.020	0.022
	37	        Rb	0.667	4.6E-03	0.022	0.024
	38	        Sr	0.690	5.1E-03	0.024	0.026
	39	        T	0.710	5.9E-03	0.026	0.028
	40	        Zr	0.730	6.8E-03	0.028	0.031
	41              Nb	0.747	9.4E-03	0.031	0.034
	42	        Mo	0.765	0.010	0.034	0.037
	43	        Tc	0.780	0.011	0.037	0.040
	44	        Ru	0.794	0.012	0.040	0.043
	45	        Rh	0.808	0.013	0.043	0.046
	46              Pd	0.820	0.014	0.047	0.049
	47	        Ag	0.831	0.016	0.051	0.052
	48	        Cd	0.843	0.018	0.056	0.056
	49	        In	0.853	0.020	0.061	0.060
	50	        Sn	0.862	0.037	0.065	0.064
	51	        Sb	0.870	0.039	0.069	0.069
	52	        Te	0.877	0.041	0.074	0.074
	53	        I	0.884	0.044	0.079	0.075
	54	        Xe	0.891	0.046   0.083   0.085
	55	        Cs	0.897	0.049	0.090	0.091
	56	        Ba	0.902	0.052	0.096   0.097
	57              La	0.907	0.055	0.103	0.104
	58	        Ce	0.912	0.058	0.110   0.111
	59	        Pb	0.917	0.061   0.117   0.118
	60	        Nd	0.921	0.064	0.124   0.125
	61	        Pm	0.925	0.066   0.132   0.132
	62	        Sm	0.929	0.071   0.140   0.139
	63	        Eu	0.932	0.075   0.149   0.140
	64	        Gd	0.935	0.079   0.158   0.155
	65	        Tb	0.938	0.083	0.167	0.164
	66	        Dy	0.941	0.089	0.178	0.174
	67              Ho	0.944	0.094	0.189	0.182
	68	        Er	0.947	0.100	0.200	0.192
	69	        Tm	0.949	0.106	0.211	0.201
	70	        Yb	0.951	0.112	0.222	0.210
	71	        Lu	0.953	0.120	0.234	0.220
	72	        Hf	0.955	0.128	0.246	0.231
	73	        Ta	0.957	0.137	0.258	0.243
	74              W	0.958	0.147	0.270	0.255
	75	        Re      0.959	0.144	0.283	0.268
	76		Os      0.961	0.130	0.295	0.281
	77	        Ir	0.962	0.120	0.308	0.294
	78	        Pt	0.963	0.114	0.321	0.306
	79	        Au	0.964	0.107	0.334	0.320
	80	        Hg	0.965	0.107	0.347	0.333
	81	        Tl	0.966	0.107	0.360	0.347
	82	        Pb	0.967	0.112	0.373	0.360
	83	        Bi	0.968	0.117	0.387	0.373
	84	        Po	0.968   0.122	0.401	0.386
	85	        At	0.969	0.128	0.415	0.399
	86	        Rn	0.969	0.134	0.429	0.411
	87	        Fr	0.970	0.139	0.443	0.424
	88	        Ra	0.970	0.146	0.456	0.437
	89	        Ac	0.971	0.153	0.468	0.450
	90	        Th	0.971	0.161	0.479	0.463
	91	        Pa	0.972	0.162	0.472	0.476
	92              U	0.972	0.176	0.467	0.489
	93	        Np	0.973	0.187	0.466	0.502
	94	        Pu	0.973	0.205	0.464	0.514
	95	        Am	0.974	0.218	0.471	0.526
	96	        Cm      0.974	0.228	0.479	0.539
	97	        Bk	0.975	0.236	0.485	0.550
	98	        Cf	0.975	0.244	0.490	0.560
	99	        Es	0.975	0.253	0.497	0.570
       100	        Fm	0.976	0.263	0.506	0.579
       101	        Md	0.976	0.272	0.515	0.588
       102              No  	0.976	0.280	0.524	0.596
