20  0.062 0.000
21  0.001 0.000
22  3.4E-5 0.000
23  2.3E-5 0.000
24  1.6E-5 0.000
25  1.6E-5 0.000
26  1.6E-5 0.000
27  1.7E-5 0.000
28  1.5E-5 0.000
29  1.6E-5 0.000
30  2.2E-5 0.000
31  2.4E-5 0.000
32  2.6E-5 0.000
33  3.4E-5 0.000
34  4.2E-5 0.000
35  5.0E-5 0.000
36  6.0E-5 6.0E-5
37  8.0E-5 8.2E-5
38  1.0E-4 1.04E-4
39 1.2E-4  1.26E-4
40 1.4E-4  1.50E-4
41 1.7E-4  1.70E-4
42 2.0E-4  1.90E-4
43 2.3E-4  2.10E-4
44 2.6E-4  2.30E-4
45 3.0E-4  2.6E-4
46 3.46E-4 2.90E-4
47 3.90E-4 3.2E-4
48 4.95E-4 4.0E-4
49 5.95E-4 4.73E-4
50 7.00E-4 5.40E-4
51 7.5E-4  5.75E-4
52 8.0E-4  6.10E-4
53 8.5E-4  6.45E-4
54 9.0E-4  6.80E-4
55 9.7E-4  7.80E-4
56 1.04E-3 8.80E-4
57 1.10E-3 9.9E-4
58 1.17E-3 1.01E-3
59 1.24E-3 1.03E-3
60 1.32E-3 1.05E-3
61 1.37E-3 1.12E-3
62 1.42E-3 1.19E-3
63 1.47E-3 1.26E-3
64 1.57E-3 1.31E-3
65 1.67E-3 1.36E-3
66 1.77E-3 1.41E-3
67 1.85E-3 1.45E-3
68 1.89E-3 1.52E-3
69 1.93E-3 1.59E-3
70 1.97E-3 1.66E-3
71 2.17E-3 1.82E-3
72 2.40E-3 1.98E-3
73 2.64E-3 2.14E-3
74 2.84E-3 2.49E-3
75 3.04E-3 2.84E-3
76 3.25E-3 3.20E-3
77 3.58E-3 3.53E-3
78 3.91E-3 3.86E-3
79 4.23E-3 4.20E-3
80 4.80E-3 4.48E-3
81 5.37E-3 4.76E-3
82 5.94E-3 5.04E-3
83 6.52E-3 5.33E-3
84 7.59E-3 5.65E-3
85 8.66E-3 5.97E-3
86 9.75E-3 6.30E-3
87 10.81E-3 6.75E-3
88 11.87E-3 7.20E-3
89 12.93E-3 7.65E-3
90 14.0E-3  8.10E-3
91 15.06E-3  8.16E-3
92 16.125E-3 8.325E-3
