4.635e-1 3.7310
8.455e-2 0.6985
3.7135e-2 0.3712
1.060e-1 1.0107
4.1417e-2 0.348
6.3754e-1 4.9691
6.524e-1 4.6845
1.041e-1 1.0284.635e-1 3.7310
8.455e-2 0.6985
3.7135e-2 0.3712
1.060e-1 1.0107
4.1417e-2 0.348
6.3754e-1 4.9691
6.524e-1 4.6845
1.041e-1 1.0284.635e-1 3.7310
8.455e-2 0.6985
3.7135e-2 0.3712
1.060e-1 1.0107
4.1417e-2 0.348
6.3754e-1 4.9691
6.524e-1 4.6845
1.041e-1 1.0284.635e-1 3.7310
8.455e-2 0.6985
3.7135e-2 0.3712
1.060e-1 1.0107
4.1417e-2 0.348
6.3754e-1 4.9691
6.524e-1 4.6845
1.041e-1 1.0284.635e-1 3.7310
8.455e-2 0.6985
3.7135e-2 0.3712
1.060e-1 1.0107
4.1417e-2 0.348
6.3754e-1 4.9691
6.524e-1 4.6845
1.041e-1 1.0284.635e-1 3.7310
8.455e-2 0.6985
3.7135e-2 0.3712
1.060e-1 1.0107
4.1417e-2 0.348
6.3754e-1 4.9691
6.524e-1 4.6845
1.041e-1 1.028
